

*Here is the output obtained after inserting the 100 3-dimensional points generated from the "input.txt" file.
*An apercu of how the algorithm partition points in space. where each line represent an internal node with
    its given number of leaf nodes stored in it. Here we have 24 internal nodes for 100 points/nodes inserted
*We have the nodes presented when there are still static in their positions in the tree and when there have moved to
    new positions in the tree

**********************************************************************************************************************************
Nodes still in their static positions

0(18 8 16 ), 1(17 19 4 ), 2(7 16 5 ), 98(20 19 18 ),
3(11 10 13 ), 4(7 11 20 ), 5(19 13 15 ),
6(3 13 0 ), 7(5 2 17 ), 8(3 8 2 ), 22(8 16 11 ),
9(2 21 4 ), 10(11 18 13 ), 11(6 13 11 ),
12(10 20 6 ), 13(16 11 16 ), 14(8 19 6 ), 15(7 17 19 ), 16(1 20 11 ), 17(1 4 14 ),
18(19 7 1 ), 19(0 9 1 ), 20(5 20 19 ), 95(9 20 19 ),
21(18 5 11 ), 23(14 11 0 ), 24(9 20 19 ),
25(15 6 15 ), 26(13 7 14 ), 27(3 9 18 ), 31(18 9 19 ),
28(17 7 4 ), 29(19 7 14 ), 30(20 12 14 ), 32(8 17 14 ), 33(19 10 4 ), 34(20 19 3 ),
35(18 13 9 ), 36(13 6 16 ), 37(6 9 4 ), 84(7 3 13 ),
38(4 5 11 ), 39(8 3 19 ), 40(2 2 10 ),
41(16 21 20 ), 42(14 8 16 ), 43(7 6 4 ), 79(12 17 5 ), 99(4 17 11 ),
67(15 19 21 ), 69(17 19 1 ), 74(10 20 6 ),
62(11 16 6 ), 65(16 17 19 ), 66(18 17 21 ),
50(13 16 2 ), 55(4 19 2 ), 59(8 19 17 ),
44(12 5 3 ), 45(15 2 17 ), 46(3 16 1 ),
47(20 1 11 ), 48(3 5 17 ), 49(15 14 20 ), 80(14 10 10 ), 90(2 7 12 ), 97(14 8 16 ),
60(7 11 12 ), 70(13 5 13 ), 73(13 4 13 ),
51(2 11 1 ), 52(1 4 9 ), 53(17 12 16 ),
54(1 3 21 ), 56(21 1 18 ), 57(1 0 19 ), 58(12 3 3 ), 61(9 14 2 ), 63(21 12 18 ),
64(16 13 0 ), 68(14 10 3 ), 71(4 15 6 ), 77(9 7 18 ),
72(7 4 1 ), 75(11 15 2 ), 76(10 12 20 ), 78(9 0 7 ), 81(6 15 3 ), 82(13 0 8 ),
83(14 14 13 ), 85(13 15 7 ), 86(15 4 19 ), 87(14 14 5 ), 88(11 1 5 ), 89(18 14 2 ),
91(12 14 6 ), 92(16 6 7 ), 93(4 21 0 ), 94(17 7 4 ), 96(16 15 2 ),



******************************************************************************************************************************
After moving nodes to different positions in the for a duration of 2.5 seconds(time not to scale, just an approximation)


0(45 20 40 ), 1(42.5 47.5 10 ), 2(17.5 40 12.5 ), 98(50 47.5 45 ),
3(27.5 25 32.5 ), 4(17.5 27.5 50 ), 5(47.5 32.5 37.5 ),
6(7.5 32.5 0 ), 7(12.5 5 42.5 ), 8(7.5 20 5 ), 22(20 40 27.5 ),
9(5 52.5 10 ), 10(27.5 45 32.5 ), 11(15 32.5 27.5 ),
12(25 50 15 ), 13(40 27.5 40 ), 14(20 47.5 15 ), 15(17.5 42.5 47.5 ), 16(2.5 50 27.5 ), 17(2.5 10 35 ),
18(47.5 17.5 2.5 ), 19(0 22.5 2.5 ), 20(12.5 50 47.5 ), 95(22.5 50 47.5 ),
21(45 12.5 27.5 ), 23(35 27.5 0 ), 24(22.5 50 47.5 ),
25(37.5 15 37.5 ), 26(32.5 17.5 35 ), 27(7.5 22.5 45 ), 31(45 22.5 47.5 ),
28(42.5 17.5 10 ), 29(47.5 17.5 35 ), 30(50 30 35 ), 32(20 42.5 35 ), 33(47.5 25 10 ), 34(50 47.5 7.5 ),
35(45 32.5 22.5 ), 36(32.5 15 40 ), 37(15 22.5 10 ), 84(17.5 7.5 32.5 ),
38(10 12.5 27.5 ), 39(20 7.5 47.5 ), 40(5 5 25 ),
41(40 52.5 50 ), 42(35 20 40 ), 43(17.5 15 10 ), 79(30 42.5 12.5 ), 99(10 42.5 27.5 ),
67(37.5 47.5 52.5 ), 69(42.5 47.5 2.5 ), 74(25 50 15 ),
62(27.5 40 15 ), 65(40 42.5 47.5 ), 66(45 42.5 52.5 ),
50(32.5 40 5 ), 55(10 47.5 5 ), 59(20 47.5 42.5 ),
44(30 12.5 7.5 ), 45(37.5 5 42.5 ), 46(7.5 40 2.5 ),
47(50 2.5 27.5 ), 48(7.5 12.5 42.5 ), 49(37.5 35 50 ), 80(35 25 25 ), 90(5 17.5 30 ), 97(35 20 40 ),
60(17.5 27.5 30 ), 70(32.5 12.5 32.5 ), 73(32.5 10 32.5 ),
51(5 27.5 2.5 ), 52(2.5 10 22.5 ), 53(42.5 30 40 ),
54(2.5 7.5 52.5 ), 56(52.5 2.5 45 ), 57(2.5 0 47.5 ), 58(30 7.5 7.5 ), 61(22.5 35 5 ), 63(52.5 30 45 ),
64(40 32.5 0 ), 68(35 25 7.5 ), 71(10 37.5 15 ), 77(22.5 17.5 45 ),
72(17.5 10 2.5 ), 75(27.5 37.5 5 ), 76(25 30 50 ), 78(22.5 0 17.5 ), 81(15 37.5 7.5 ), 82(32.5 0 20 ),
83(35 35 32.5 ), 85(32.5 37.5 17.5 ), 86(37.5 10 47.5 ), 87(35 35 12.5 ), 88(27.5 2.5 12.5 ), 89(45 35 5 ),
91(30 35 15 ), 92(40 15 17.5 ), 93(10 52.5 0 ), 94(42.5 17.5 10 ), 96(40 37.5 5 ),